2020-01 , 4458 ,
2020-02 , 4082 ,
2020-03 , 6168 ,
2020-04 , 6999 ,
2020-05 , 7910 ,
2020-06 , 7895 ,
2020-07 , 8052 ,
2020-08 , 8376 ,
2020-09 , 8937 ,
2020-10 , 8490 ,
2020-11 , 8866 ,
2020-12 , 8377 ,


[('2020-01-01', 152, 68, 84), ('2020-01-02', 187, 83, 104), ('2020-01-03', 176, 70, 106), ('2020-01-04', 159, 64, 95), ('2020-01-05', 144, 64, 80), ('2020-01-06', 169, 78, 91), ('2020-01-07', 175, 83, 92), ('2020-01-08', 162, 82, 80), ('2020-01-09', 187, 82, 105), ('2020-01-10', 148, 74, 74), ('2020-01-11', 126, 59, 67), ('2020-01-12', 130, 59, 71), ('2020-01-13', 154, 78, 76), ('2020-01-14', 161, 78, 83), ('2020-01-15', 159, 70, 89), ('2020-01-16', 172, 72, 100), ('2020-01-17', 175, 78, 97), ('2020-01-18', 141, 61, 80), ('2020-01-19', 218, 82, 136), ('2020-01-20', 191, 82, 109), ('2020-01-21', 163, 70, 93), ('2020-01-22', 161, 61, 100), ('2020-01-23', 133, 59, 74), ('2020-01-24', 78, 0, 78), ('2020-01-25', 83, 0, 83), ('2020-01-26', 73, 0, 73), ('2020-01-27', 124, 59, 65), ('2020-01-28', 74, 0, 74), ('2020-01-29', 76, 0, 76), ('2020-01-30', 137, 61, 76), ('2020-01-31', 70, 0, 70), ('2020-02-01', 79, 0, 79), ('2020-02-02', 144, 61, 83), ('2020-02-03', 84, 0, 84), ('2020-02-04', 139, 59, 80), ('2020-02-05', 137, 66, 71), ('2020-02-06', 142, 64, 78), ('2020-02-07', 68, 68, 0), ('2020-02-08', 126, 63, 63), ('2020-02-09', 61, 61, 0), ('2020-02-10', 133, 64, 69), ('2020-02-11', 137, 61, 76), ('2020-02-12', 166, 74, 92), ('2020-02-13', 151, 78, 73), ('2020-02-14', 83, 83, 0), ('2020-02-15', 74, 0, 74), ('2020-02-16', 139, 63, 76), ('2020-02-17', 169, 76, 93), ('2020-02-18', 143, 64, 79), ('2020-02-19', 187, 72, 115), ('2020-02-20', 198, 68, 130), ('2020-02-21', 154, 61, 93), ('2020-02-22', 87, 0, 87), ('2020-02-23', 159, 66, 93), ('2020-02-24', 216, 91, 125), ('2020-02-25', 184, 76, 108), ('2020-02-26', 200, 104, 96), ('2020-02-27', 161, 83, 78), ('2020-02-28', 175, 82, 93), ('2020-02-29', 186, 63, 123), ('2020-03-01', 225, 61, 164), ('2020-03-02', 154, 59, 95), ('2020-03-03', 193, 72, 121), ('2020-03-04', 231, 66, 165), ('2020-03-05', 173, 82, 91), ('2020-03-06', 165, 76, 89), ('2020-03-07', 171, 82, 89), ('2020-03-08', 145, 61, 84), ('2020-03-09', 152, 72, 80), ('2020-03-10', 129, 64, 65), ('2020-03-11', 161, 70, 91), ('2020-03-12', 159, 72, 87), ('2020-03-13', 156, 80, 76), ('2020-03-14', 140, 66, 74), ('2020-03-15', 145, 66, 79), ('2020-03-16', 178, 82, 96), ('2020-03-17', 199, 87, 112), ('2020-03-18', 219, 101, 118), ('2020-03-19', 199, 112, 87), ('2020-03-20', 233, 116, 117), ('2020-03-21', 197, 85, 112), ('2020-03-22', 193, 78, 115), ('2020-03-23', 267, 97, 170), ('2020-03-24', 290, 123, 167), ('2020-03-25', 264, 112, 152), ('2020-03-26', 287, 104, 183), ('2020-03-27', 266, 99, 167), ('2020-03-28', 215, 87, 128), ('2020-03-29', 193, 76, 117), ('2020-03-30', 236, 108, 128), ('2020-03-31', 233, 82, 151), ('2020-04-01', 258, 101, 157), ('2020-04-02', 269, 112, 157), ('2020-04-03', 274, 97, 177), ('2020-04-04', 208, 91, 117), ('2020-04-05', 204, 89, 115), ('2020-04-06', 206, 89, 117), ('2020-04-07', 291, 133, 158), ('2020-04-08', 252, 93, 159), ('2020-04-09', 260, 99, 161), ('2020-04-10', 285, 114, 171), ('2020-04-11', 204, 85, 119), ('2020-04-12', 184, 89, 95), ('2020-04-13', 195, 85, 110), ('2020-04-14', 191, 102, 89), ('2020-04-15', 236, 93, 143), ('2020-04-16', 210, 93, 117), ('2020-04-17', 199, 87, 112), ('2020-04-18', 169, 80, 89), ('2020-04-19', 181, 85, 96), ('2020-04-20', 274, 116, 158), ('2020-04-21', 276, 148, 128), ('2020-04-22', 263, 148, 115), ('2020-04-23', 293, 144, 149), ('2020-04-24', 239, 140, 99), ('2020-04-25', 195, 108, 87), ('2020-04-26', 293, 148, 145), ('2020-04-27', 215, 102, 113), ('2020-04-28', 227, 108, 119), ('2020-04-29', 219, 97, 122), ('2020-04-30', 229, 112, 117), ('2020-05-01', 152, 72, 80), ('2020-05-02', 171, 95, 76), ('2020-05-03', 171, 85, 86), ('2020-05-04', 193, 97, 96), ('2020-05-05', 191, 99, 92), ('2020-05-06', 272, 163, 109), ('2020-05-07', 261, 139, 122), ('2020-05-08', 244, 116, 128), ('2020-05-09', 271, 140, 131), ('2020-05-10', 209, 118, 91), ('2020-05-11', 282, 170, 112), ('2020-05-12', 289, 172, 117), ('2020-05-13', 309, 188, 121), ('2020-05-14', 323, 176, 147), ('2020-05-15', 274, 152, 122), ('2020-05-16', 257, 131, 126), ('2020-05-17', 203, 123, 80), ('2020-05-18', 280, 165, 115), ('2020-05-19', 287, 169, 118), ('2020-05-20', 277, 168, 109), ('2020-05-21', 302, 183, 119), ('2020-05-22', 261, 144, 117), ('2020-05-23', 237, 154, 83), ('2020-05-24', 239, 140, 99), ('2020-05-25', 294, 177, 117), ('2020-05-26', 312, 186, 126), ('2020-05-27', 324, 198, 126), ('2020-05-28', 309, 200, 109), ('2020-05-29', 304, 179, 125), ('2020-05-30', 211, 114, 97), ('2020-05-31', 201, 123, 78), ('2020-06-01', 295, 198, 97), ('2020-06-02', 307, 179, 128), ('2020-06-03', 260, 139, 121), ('2020-06-04', 300, 195, 105), ('2020-06-05', 287, 166, 121), ('2020-06-06', 234, 129, 105), ('2020-06-07', 244, 155, 89), ('2020-06-08', 337, 225, 112), ('2020-06-09', 312, 191, 121), ('2020-06-10', 281, 168, 113), ('2020-06-11', 219, 104, 115), ('2020-06-12', 294, 163, 131), ('2020-06-13', 210, 121, 89), ('2020-06-14', 205, 93, 112), ('2020-06-15', 325, 180, 145), ('2020-06-16', 318, 163, 155), ('2020-06-17', 331, 176, 155), ('2020-06-18', 311, 150, 161), ('2020-06-19', 249, 83, 166), ('2020-06-20', 207, 97, 110), ('2020-06-21', 209, 104, 105), ('2020-06-22', 312, 165, 147), ('2020-06-23', 253, 108, 145), ('2020-06-24', 271, 152, 119), ('2020-06-25', 182, 106, 76), ('2020-06-26', 179, 99, 80), ('2020-06-27', 218, 112, 106), ('2020-06-28', 237, 135, 102), ('2020-06-29', 231, 123, 108), ('2020-06-30', 277, 158, 119), ('2020-07-01', 276, 172, 104), ('2020-07-02', 261, 131, 130), ('2020-07-03', 250, 131, 119), ('2020-07-04', 208, 106, 102), ('2020-07-05', 190, 80, 110), ('2020-07-06', 293, 158, 135), ('2020-07-07', 267, 135, 132), ('2020-07-08', 219, 89, 130), ('2020-07-09', 269, 151, 118), ('2020-07-10', 286, 158, 128), ('2020-07-11', 203, 104, 99), ('2020-07-12', 192, 82, 110), ('2020-07-13', 257, 127, 130), ('2020-07-14', 259, 116, 143), ('2020-07-15', 246, 121, 125), ('2020-07-16', 294, 182, 112), ('2020-07-17', 281, 168, 113), ('2020-07-18', 230, 135, 95), ('2020-07-19', 230, 131, 99), ('2020-07-20', 295, 173, 122), ('2020-07-21', 267, 142, 125), ('2020-07-22', 294, 173, 121), ('2020-07-23', 299, 168, 131), ('2020-07-24', 273, 139, 134), ('2020-07-25', 188, 95, 93), ('2020-07-26', 216, 112, 104), ('2020-07-27', 293, 170, 123), ('2020-07-28', 305, 154, 151), ('2020-07-29', 318, 169, 149), ('2020-07-30', 320, 190, 130), ('2020-07-31', 273, 151, 122), ('2020-08-01', 236, 127, 109), ('2020-08-02', 211, 116, 95), ('2020-08-03', 260, 161, 99), ('2020-08-04', 311, 168, 143), ('2020-08-05', 288, 169, 119), ('2020-08-06', 321, 182, 139), ('2020-08-07', 275, 162, 113), ('2020-08-08', 221, 102, 119), ('2020-08-09', 249, 144, 105), ('2020-08-10', 296, 173, 123), ('2020-08-11', 297, 158, 139), ('2020-08-12', 289, 154, 135), ('2020-08-13', 283, 151, 132), ('2020-08-14', 272, 146, 126), ('2020-08-15', 212, 106, 106), ('2020-08-16', 215, 102, 113), ('2020-08-17', 274, 151, 123), ('2020-08-18', 294, 155, 139), ('2020-08-19', 301, 186, 115), ('2020-08-20', 301, 176, 125), ('2020-08-21', 256, 157, 99), ('2020-08-22', 236, 127, 109), ('2020-08-23', 227, 112, 115), ('2020-08-24', 281, 146, 135), ('2020-08-25', 269, 163, 106), ('2020-08-26', 308, 176, 132), ('2020-08-27', 311, 175, 136), ('2020-08-28', 256, 135, 121), ('2020-08-29', 218, 116, 102), ('2020-08-30', 256, 146, 110), ('2020-08-31', 352, 200, 152), ('2020-09-01', 313, 204, 109), ('2020-09-02', 332, 191, 141), ('2020-09-03', 324, 201, 123), ('2020-09-04', 299, 176, 123), ('2020-09-05', 231, 139, 92), ('2020-09-06', 250, 142, 108), ('2020-09-07', 338, 213, 125), ('2020-09-08', 325, 197, 128), ('2020-09-09', 308, 187, 121), ('2020-09-10', 345, 191, 154), ('2020-09-11', 258, 140, 118), ('2020-09-12', 248, 135, 113), ('2020-09-13', 257, 140, 117), ('2020-09-14', 326, 182, 144), ('2020-09-15', 269, 154, 115), ('2020-09-16', 309, 170, 139), ('2020-09-17', 304, 191, 113), ('2020-09-18', 298, 172, 126), ('2020-09-19', 234, 137, 97), ('2020-09-20', 257, 148, 109), ('2020-09-21', 275, 152, 123), ('2020-09-22', 332, 188, 144), ('2020-09-23', 344, 186, 158), ('2020-09-24', 332, 191, 141), ('2020-09-25', 320, 190, 130), ('2020-09-26', 273, 135, 138), ('2020-09-27', 317, 163, 154), ('2020-09-28', 314, 175, 139), ('2020-09-29', 336, 166, 170), ('2020-09-30', 269, 150, 119), ('2020-10-01', 188, 99, 89), ('2020-10-02', 188, 80, 108), ('2020-10-03', 188, 80, 108), ('2020-10-04', 259, 121, 138), ('2020-10-05', 213, 91, 122), ('2020-10-06', 235, 110, 125), ('2020-10-07', 251, 120, 131), ('2020-10-08', 269, 133, 136), ('2020-10-09', 374, 197, 177), ('2020-10-10', 298, 162, 136), ('2020-10-11', 267, 139, 128), ('2020-10-12', 374, 173, 201), ('2020-10-13', 316, 173, 143), ('2020-10-14', 351, 197, 154), ('2020-10-15', 321, 170, 151), ('2020-10-16', 319, 162, 157), ('2020-10-17', 204, 112, 92), ('2020-10-18', 223, 127, 96), ('2020-10-19', 283, 165, 118), ('2020-10-20', 334, 212, 122), ('2020-10-21', 338, 180, 158), ('2020-10-22', 326, 175, 151), ('2020-10-23', 279, 158, 121), ('2020-10-24', 221, 125, 96), ('2020-10-25', 199, 106, 93), ('2020-10-26', 273, 168, 105), ('2020-10-27', 319, 191, 128), ('2020-10-28', 280, 176, 104), ('2020-10-29', 269, 159, 110), ('2020-10-30', 302, 154, 148), ('2020-10-31', 229, 110, 119), ('2020-11-01', 229, 125, 104), ('2020-11-02', 325, 165, 160), ('2020-11-03', 307, 158, 149), ('2020-11-04', 319, 184, 135), ('2020-11-05', 297, 163, 134), ('2020-11-06', 301, 157, 144), ('2020-11-07', 243, 139, 104), ('2020-11-08', 260, 139, 121), ('2020-11-09', 308, 172, 136), ('2020-11-10', 333, 197, 136), ('2020-11-11', 321, 182, 139), ('2020-11-12', 303, 165, 138), ('2020-11-13', 295, 144, 151), ('2020-11-14', 241, 139, 102), ('2020-11-15', 267, 150, 117), ('2020-11-16', 333, 182, 151), ('2020-11-17', 331, 173, 158), ('2020-11-18', 330, 191, 139), ('2020-11-19', 310, 158, 152), ('2020-11-20', 309, 161, 148), ('2020-11-21', 244, 118, 126), ('2020-11-22', 239, 116, 123), ('2020-11-23', 323, 180, 143), ('2020-11-24', 383, 182, 201), ('2020-11-25', 311, 159, 152), ('2020-11-26', 337, 169, 168), ('2020-11-27', 302, 176, 126), ('2020-11-28', 235, 110, 125), ('2020-11-29', 233, 114, 119), ('2020-11-30', 297, 161, 136), ('2020-12-01', 282, 161, 121), ('2020-12-02', 295, 169, 126), ('2020-12-03', 337, 182, 155), ('2020-12-04', 294, 151, 143), ('2020-12-05', 215, 118, 97), ('2020-12-06', 256, 135, 121), ('2020-12-07', 308, 173, 135), ('2020-12-08', 304, 152, 152), ('2020-12-09', 286, 151, 135), ('2020-12-10', 361, 191, 170), ('2020-12-11', 330, 173, 157), ('2020-12-12', 225, 76, 149), ('2020-12-13', 283, 139, 144), ('2020-12-14', 290, 158, 132), ('2020-12-15', 311, 163, 148), ('2020-12-16', 243, 137, 106), ('2020-12-17', 300, 159, 141), ('2020-12-18', 267, 152, 115), ('2020-12-19', 206, 102, 104), ('2020-12-20', 228, 118, 110), ('2020-12-21', 282, 154, 128), ('2020-12-22', 315, 168, 147), ('2020-12-23', 270, 152, 118), ('2020-12-24', 304, 191, 113), ('2020-12-25', 273, 154, 119), ('2020-12-26', 206, 102, 104), ('2020-12-27', 177, 82, 95), ('2020-12-28', 251, 159, 92), ('2020-12-29', 245, 146, 99), ('2020-12-30', 235, 155, 80), ('2020-12-31', 198, 112, 86)]